Distance extension (km),% of nodes within extension
0.000,87.973
0.050,89.668
0.100,91.110
0.150,92.453
0.200,93.426
0.250,94.207
0.300,94.949
0.350,95.534
0.400,95.988
0.450,96.470
0.500,96.775
0.550,97.066
0.600,97.258
0.650,97.463
0.700,97.602
0.750,97.788
0.800,97.903
0.850,97.991
0.900,98.069
0.950,98.135
1.000,98.180
1.050,98.245
1.100,98.298
1.150,98.337
1.200,98.436
1.250,98.464
1.300,98.507
1.350,98.533
1.400,98.569
1.450,98.615
1.500,98.639
1.550,98.660
1.600,98.671
1.650,98.690
1.700,98.705
1.750,98.728
1.800,98.756
1.850,98.802
1.900,98.833
1.950,98.865
2.000,98.880
